%PDF-1.7

1 0 obj
  << >>
endobj

2 0 obj
  << /Length 3 0 R >>
stream
/DeviceRGB CS
/DeviceRGB cs
q
1.000000 0.000000 -0.000000 1.000000 0.000000 0.000000 cm
0.237066 0.573955 0.969432 scn
12.000000 0.000000 m
18.627417 0.000000 24.000000 5.372583 24.000000 12.000000 c
24.000000 18.627417 18.627417 24.000000 12.000000 24.000000 c
5.372583 24.000000 0.000000 18.627417 0.000000 12.000000 c
0.000000 5.372583 5.372583 0.000000 12.000000 0.000000 c
h
15.000000 18.000000 m
15.000000 16.343145 13.656855 15.000000 12.000000 15.000000 c
10.343145 15.000000 9.000000 16.343145 9.000000 18.000000 c
9.000000 19.656855 10.343145 21.000000 12.000000 21.000000 c
13.656855 21.000000 15.000000 19.656855 15.000000 18.000000 c
h
15.000000 6.000000 m
15.000000 4.343145 13.656855 3.000000 12.000000 3.000000 c
10.343145 3.000000 9.000000 4.343145 9.000000 6.000000 c
9.000000 7.656855 10.343145 9.000000 12.000000 9.000000 c
13.656855 9.000000 15.000000 7.656855 15.000000 6.000000 c
h
9.000000 12.000000 m
9.000000 10.343145 7.656854 9.000000 6.000000 9.000000 c
4.343146 9.000000 3.000000 10.343145 3.000000 12.000000 c
3.000000 13.656855 4.343146 15.000000 6.000000 15.000000 c
7.656854 15.000000 9.000000 13.656855 9.000000 12.000000 c
h
18.000000 9.000000 m
19.656855 9.000000 21.000000 10.343145 21.000000 12.000000 c
21.000000 13.656855 19.656855 15.000000 18.000000 15.000000 c
16.343145 15.000000 15.000000 13.656855 15.000000 12.000000 c
15.000000 10.343145 16.343145 9.000000 18.000000 9.000000 c
h
f*
n
Q

endstream
endobj

3 0 obj
  1436
endobj

4 0 obj
  << /MediaBox [ 0.000000 0.000000 24.000000 24.000000 ]
     /Resources 1 0 R
     /Contents 2 0 R
     /Parent 5 0 R
     /Type /Page
  >>
endobj

5 0 obj
  << /Kids [ 4 0 R ]
     /Count 1
     /Type /Pages
  >>
endobj

6 0 obj
  << /Type /Catalog
     /Pages 5 0 R
  >>
endobj

xref
0 7
0000000000 65535 f 
0000000010 00000 n 
0000000034 00000 n 
0000001526 00000 n 
0000001549 00000 n 
0000001706 00000 n 
0000001780 00000 n 
trailer
<< /ID [ (some) (id) ]
   /Root 6 0 R
   /Size 7
>>
startxref
1839
%%EOF